,Image,girth_array
0,DSC03331.JPG,"[7.085704405417715, 55.58336177195175, 76.94764334486185, 90.09966834391403, 85.99330181249206, 79.91122995821313, 65.92707470683465, 44.564213599794, 29.28418395630028, 20.400430958820728]"
1,DSC03206.JPG,"[1.9999999999999933, 50.22788768654029, 73.76151048281947, 83.95795543290708, 77.88231502874825, 70.61844798012223, 59.445187285706474, 43.941355451085784, 30.60425212965199, 19.44065905703128]"
2,DSC03182.JPG,"[7.085097385988976, 50.81093524585309, 65.93126782969931, 72.01383822608943, 68.88856093284566, 61.821044391493366, 53.76740735511624, 35.52231405340156, 22.380075012447012, 15.314597882871453]"
3,DSC02689.JPG,"[4.000000000000008, 69.46749204944928, 84.48489916779236, 85.58953936640334, 78.41241317300846, 71.45619723871572, 63.3941447074396, 49.371328538071445, 34.24552347879767, 19.125337110295444]"
4,DSC03868.JPG,"[5.0, 84.38392383311358, 97.51781656775553, 99.50779717644583, 95.42828180159212, 86.37388276398704, 75.32964962837558, 56.326287588607876, 37.225217850583405, 19.125719341227626]"
5,DSC03795.JPG,"[3.9999999999999982, 64.03765960084935, 77.03230696532948, 81.03065543695904, 79.03150883740177, 75.00767394055508, 65.03730338420903, 49.04475315014671, 33.02910460627027, 20.042571608120316]"
6,DSC03665.JPG,"[10.0, 62.08037643183684, 77.10918048733005, 80.10572734993258, 78.10799035318409, 71.06938516415858, 57.03903221959846, 41.06061966353598, 26.035644407283907, 17.999999999999996]"
7,DSC03996.JPG,"[4.999999999999999, 52.047393304331266, 64.03740630492602, 66.0358012158694, 61.07711217317239, 55.044827826445434, 47.014619092538965, 36.02513315585353, 25.038387381664354, 17.052594899726202]"
8,DSC04110.JPG,"[9.0, 53.04583255255875, 67.036655819714, 71.03416793086555, 68.03602949321765, 59.04179216089574, 50.01553597066917, 38.02476370237749, 27.035521385653837, 18.0]"
9,DSC04067.JPG,"[13.000000000000002, 62.03899170719481, 74.06703978776001, 74.06703978776001, 71.06946005938747, 61.03983286912182, 47.01403554854264, 36.06327835523679, 26.036977006769714, 19.0]"
10,DSC04331.JPG,"[2.9999999999999982, 60.83570468166016, 77.10812960478034, 77.10812960478034, 72.99986265010847, 66.91772204802473, 54.75370177795182, 39.629070173945706, 27.467296935274582, 19.25322577742605]"
11,DSC04216.JPG,"[2.000000000000007, 61.193430650196404, 76.48948587697775, 83.54941316954427, 74.3324524664664, 61.193430650196404, 51.97690349708975, 42.760758424509746, 29.428189149407068, 16.29670120328534]"
12,DSC04471.JPG,"[5.0, 57.016664066765614, 75.013149585458, 76.01298280781855, 73.0134901617866, 66.0, 52.01789213021021, 40.02167674998007, 27.000000000000004, 18.0]"
13,DSC04475.JPG,"[7.0, 57.148475624738325, 72.17987109147109, 76.17057612777347, 70.11730796896498, 64.19896575674964, 57.148120929643426, 42.11822073293514, 27.089769209143803, 16.06204356859605]"
14,DSC04565.JPG,"[2.2814096378910484, 17.911102461436837, 31.319535251758275, 46.96693379708613, 53.67370381752419, 56.36209025566789, 61.7249974725297, 70.66789633109498, 72.90390250262213, 61.72499747252971]"
15,DSC04596.JPG,"[2.9999999999999925, 60.83259038806385, 74.81642508339392, 77.93522421426132, 68.89000040389853, 61.82041552723243, 52.77568929354914, 42.43250267608124, 29.439815989444412, 13.185942178789187]"
16,DSC04578.JPG,"[4.000000000000002, 63.07439847308302, 72.03194144261614, 72.06771799013084, 71.0326719022736, 66.03636552303695, 56.04401831877804, 43.054840273017575, 28.03441690474612, 18.049985321102287]"
17,DSC00429.JPG,"[11.0, 25.032914649574526, 32.02763775590507, 33.0, 33.027029670513, 33.0, 30.028945054833628, 23.000000000000004, 15.0, 13.052476099731859]"
18,DSC09175.JPG,"[0.9999999999999908, 47.177019284808914, 63.91172256475553, 70.58184802969983, 70.58208430980144, 67.07209094521308, 55.36919852503274, 39.57090283945039, 28.804256810947564, 16.178905900760295]"
19,DSC09070.JPG,"[0.9999999999999987, 26.58763920580396, 39.56531608618325, 43.66725576855898, 44.608133708352526, 41.44853415036188, 35.126530205019456, 26.58763920580396, 18.052666407860983, 13.956340308877046]"
20,DSC09056.JPG,"[1.4142135623730998, 31.159098334984833, 41.783620674626434, 47.43297527269618, 49.585015959079946, 46.02165550148548, 39.69886648255842, 29.747145041042298, 24.77252916006371, 17.71630190199341]"
21,DSC09026.JPG,"[2.9999999999999973, 27.311185979015043, 38.33874525431363, 45.40810814532405, 47.389554832657815, 44.41766305781891, 38.339680781479764, 30.28025907424959, 20.105752444954817, 19.257066339186657]"
22,DSC09223.JPG,"[2.8284271247461783, 24.853744842385982, 29.843982324610582, 38.29809058571306, 47.51572974132518, 55.325931376734545, 59.55375483345491, 56.73398807760499, 51.09647174760822, 39.70778158934347]"
23,DSC09219.JPG,"[3.615594551348164, 45.18787033006706, 64.4201171447377, 74.71182230109656, 77.83263996229212, 74.24748990678495, 62.18473174922575, 45.18787033006705, 28.194595269142503, 12.562641918478208]"
24,DSC09242.JPG,"[4.143278713789311, 44.653521891774794, 64.56424137552621, 76.92767238438842, 82.01182048689056, 77.89061642474923, 66.49015059951665, 49.73697849226222, 29.135918725755154, 15.548418958341896]"
25,DSC09233.JPG,"[3.6203106050574774, 43.02222198804722, 58.01503009692248, 71.03463498979048, 74.6381579061287, 69.6402733024583, 61.0389384391725, 48.01995017913959, 30.820240921317826, 6.461826873446055]"
26,DSC09329.JPG,"[6.101506655758459, 48.67155897609668, 72.01311163666337, 80.23570728006564, 81.22091954310076, 76.12458084331361, 64.94548528990154, 47.68614335091855, 30.428553465211163, 15.316126412621596]"
27,DSC09289.JPG,"[2.000000000000003, 52.40067364806624, 73.98424342534727, 84.17775033595774, 86.12743902554391, 80.05590732701054, 66.71538520699814, 50.22880461702297, 32.99232444682139, 28.649667456786993]"
28,DSC09258.JPG,"[15.0, 46.01924162075571, 58.01620090277369, 68.0, 74.01325311310934, 71.01374340258266, 62.01537598205866, 44.99999999999999, 27.02804003085748, 18.0]"
29,DSC09333.JPG,"[4.999999999999999, 19.125892592565794, 21.114994825078693, 39.12569128351303, 55.234557359461725, 66.27878153145107, 73.25210715891824, 77.32256638091725, 77.32256638091725, 75.24462976117144, 66.19295873067301, 50.1682704596787]"
30,DSC09331.JPG,"[2.9999999999999996, 53.76462986340231, 72.01006502065903, 80.89812112221952, 85.0051188689228, 79.91032803086627, 65.77141840099942, 45.55168780823456, 28.296516406222548, 22.21821676857371]"
31,DSC05019.JPG,"[11.054049505372221, 53.24049231924363, 69.46560340051568, 78.41506160781411, 81.3981479237247, 76.42634742085451, 57.32353442594098, 31.159424490311547, 17.141651088862048, 19.128465917867857]"
32,DSC04952.JPG,"[6.101723439072546, 45.54646414095764, 58.86391991299014, 72.99927004889366, 85.16381252777978, 87.30336314681664, 78.09585978084998, 53.767741066259724, 21.396321482784856, 22.38107733445672]"
33,DSC04947.JPG,"[2.0000000000000027, 36.88814703711963, 57.7272220645071, 74.95913261650898, 84.1771515611435, 76.90548397643016, 60.64607112104032, 41.981834383949575, 22.581094711609435, 13.376891283877697]"
34,DSC04878.JPG,"[6.000000000000001, 49.0197219657189, 65.01298273853172, 74.00964642497559, 81.03052390233871, 80.03086941813095, 70.01113560908469, 49.0197219657189, 26.034561003659434, 29.031853878131255]"
35,DSC04872.JPG,"[4.999999999999998, 41.021602357618825, 58.04290873749546, 69.03494548057606, 73.06656415762185, 73.03243758651202, 63.073371523830346, 44.05341506771299, 25.039518128108174, 19.04753559718395]"
36,DSC04863.JPG,"[4.999999999999999, 50.018701788672104, 67.0363405362723, 75.03296377440464, 75.03296377440464, 65.03721381104067, 43.02253706025141, 28.033349132629656, 23.0, 30.031567181656694]"
37,DSC04832.JPG,"[5.398939058335846, 39.56748909801366, 49.405687163355395, 57.01722720502673, 61.47209796857571, 55.71936582108507, 47.54672320124868, 34.552506930001606, 22.85283883066791, 18.040558219528233]"
38,DSC04798.JPG,"[3.17873029967855, 57.878341719741826, 76.85032710096517, 88.23562685211992, 87.5992598887863, 80.01197646257712, 64.2002029657743, 35.74211537569082, 23.419663804176828, 33.84882045169621]"
39,DSC04723.JPG,"[6.000000000000001, 55.1533282895033, 72.17999790080914, 81.22735868310039, 84.21991138513638, 83.2220777947617, 72.17999790080917, 51.16425041345076, 28.088829854975895, 29.083697330992674]"
40,DSC03560.JPG,"[3.0000000000000036, 50.64486463505676, 66.75899654899877, 79.91060021608823, 85.00514888398462, 80.06732622192963, 67.90315163159126, 50.645538067049785, 31.41605583858785, 22.218238431048015]"
41,DSC03457.JPG,"[7.999999999999999, 49.10149147557795, 70.18067409206355, 78.16559313902694, 80.10191291370448, 77.1077763629762, 63.07412256683487, 46.047597030444884, 26.030109238395156, 24.035109904000013]"
42,DSC02464.JPG,"[13.349257946434657, 61.61781009649777, 61.85217035042278, 58.701641128345216, 61.8520489225331, 63.79621920731649, 57.49540821174256, 46.33419571357477, 26.933988431988936, 21.607295950785247]"
43,DSC02239.JPG,"[13.0, 52.0476311051449, 66.07279051043508, 74.066693549169, 76.02877929213268, 72.06836128170107, 61.04029182783964, 37.06122371486051, 19.0, 25.038356853814058]"
44,DSC02121.JPG,"[7.000000000000001, 51.01779286034423, 69.0358203449517, 81.03054767058009, 89.02710940137801, 89.02710940137801, 73.03406151299313, 45.02116939628256, 23.0, 25.03670164928166]"
45,DSC02093.JPG,"[4.999999999999999, 49.171641061417716, 66.27909047809814, 75.33094151705201, 75.24405051541731, 70.2632582381181, 59.21915054336738, 40.20838017018158, 28.084337729746153, 24.10180824283457]"
46,DSC02035.JPG,"[10.0, 47.0, 68.0, 75.0116440719909, 76.01153441093624, 67.01261429256611, 50.01550969391165, 32.0, 20.0, 34.0]"
47,DSC01963.JPG,"[16.0, 74.03319295778353, 91.05412946905776, 101.04926115792122, 108.04591036344713, 115.072116717221, 124.0383808531301, 133.06384553253886, 137.06199658541485, 118.07087193465937, 79.06014432871626, 43.021725424816296]"
48,DSC01615.JPG,"[10.299562732803926, 54.2111068073275, 67.2381818797278, 78.8981610935859, 86.95949160300765, 87.82309367506812, 62.77594718140638, 38.089736703549434, 25.570554878160646, 24.707547850452666]"
49,DSC01565.JPG,"[12.0, 37.0636847384546, 46.053706055661095, 54.04549834500372, 54.04551730596853, 50.0495501933992, 37.0636847384546, 19.04909581719849, 11.000000000000002, 13.000000000000002]"
50,DSC01506.JPG,"[5.1163316874765945, 50.22743102279483, 64.543083415492, 69.64151580706351, 73.76304177333196, 68.66574646381564, 54.350307796138836, 35.91539143466121, 20.62737421236737, 31.792627520971372]"
51,DSC01317.JPG,"[9.067732912394895, 64.504894649241, 78.52212419006912, 88.68953140311645, 93.6528910249837, 93.65289102498369, 86.58377432504554, 73.55892662217218, 58.42888397869675, 40.32253965946018]"
52,DSC01123.JPG,"[9.0, 54.01817350527758, 58.035385395853396, 63.033871184397775, 67.03273087665183, 69.01367878146985, 60.01625943515787, 43.02232802803838, 25.033445887420964, 24.0]"
53,DSC01082.JPG,"[13.0, 51.04861075436605, 60.040828655980114, 67.03495159107734, 73.06793048767402, 72.06859646544336, 61.03989361055207, 38.02289453358408, 21.044734640543727, 25.038397189492795]"
54,DSC00948.JPG,"[11.999999999999998, 31.030235759315286, 38.022131847085205, 46.053468181113466, 60.07945692236005, 59.08035945612724, 51.048592173023, 34.02662510774067, 20.0, 18.0]"
55,DSC00833.JPG,"[1.9999999999999991, 45.12787130357344, 60.64534199000489, 75.1921441553562, 91.68301900172813, 101.87220144484252, 103.81581142778516, 76.16391240447537, 26.93484630314746, 20.63789838943618]"
56,DSC00660.JPG,"[5.118310455033932, 33.555332553265956, 33.55443870030408, 37.667361806024125, 47.86055692592622, 54.925945093920625, 57.87857933391764, 55.90979807197764, 46.87576823902085, 36.68334556897862]"
57,DSC00566.JPG,"[9.226831085351082, 46.23006661057787, 56.08785430355566, 70.29818835163192, 76.69963297852853, 80.92497690026696, 68.8899566413971, 46.10266205230965, 23.448409892965667, 18.45966930701964]"
58,DSC00477.JPG,"[6.101878575496295, 53.767757948136946, 66.91729570331681, 77.10983856714915, 78.09597982025365, 72.0136584706036, 54.753095781360564, 35.522372772052904, 25.335199618372165, 32.56789235937034]"
